8(939) 120 2525,NoCarrier
8(983) 759 6344,404NotFound
+7(980) 828 2217,StarkMobile
+7(983) 499 7261,FSociety
7(91/1)^3&%06-37-98,МТС
,,7(924)554-91-46,,Мегафон,
,7(981)735-23-77,МТС
7(964)123-64-47,Билайн
,
7 180 638,Билайн
228420-2991,МТС
8(909) 907 6471,Билайн
8(902) 644 9061,Теле2
8(938) 209 0259, Мегафон
7(803)400-36-82,ПАО "Башинформсвязь"
8(920) 637 4401,мегафон
8(980) 403 8518,МТС
8(960) 180 6338,Билайн
8(908) 545 9457,ТелеТу
8(984) 284 4122,МТС
8(924) 841 0705,Мегафон
8(920) 732 8904,Мегафон
8(963) 408 4767,Билайн
8(958) 300 1148,ООО "Глобал Телеком"
8(928) 798 8525,Мегафон
8(929) 301 2453,Мегафон
8(915) 957 2656,МТС
8(917) 853 0330,МТС
8(920) 798 5132,Мегафон
8(992) 181 5267,АО "Теле2-Санкт-Петербург"
8(984) 129 1459,МТС
8(965) 871 0500,Билайн
8(962) 896 5835,Билайн
8(922) 327 5062,Мегафон
8(988) 304 3506,МТС
8(914) 691 7607,МТС
8(904) 342 0605,Теле2
8(904) 474 6612,Теле2
8(913) 585 9683,МТС
8(922) 293 3779,Мегафон
8(927) 826 3397,Мегафон
8(908) 933 3681,Теле2
8(918) 764 4038,МТС
8(985) 007 1726,МТС
8(953) 198 7239,Теле2
8(911) 391 8356,МТС
8(984) 147 5302,МТС
8(962) 194 5146,Пчелайн
8(926) 062 3765,Мегафон
8(906) 316 4424,Билайн
8(910) 785 2045,МТС
8(981) 444 8544,МТС
+79535095869,АО "Теле2-Санкт-Петербург"
8(925) 971 7975,Мегафон
8(917) 121 2050,МТС
8(909) 738 2688,Билайн
8(900) 751 9527,ООО "Антарес"
8(902) 102 1461,Теле2
8(958) 901 8233,ООО "Глобал Телеком"
8(912) 038 6394,МТС
8(968) 847 8356,Билайн
8(903) 143 6942,Билайн
8(904) 207 5325,Теле2
8(960) 967 1127,Билайн
8(906) 149 2041,
8(902) 185 9760,Теле2
8(925) 887 2076,Мегафон
8(978) 800 4554,МТС
8(902) 599 4769,ООО "ЕКАТЕРИНБУРГ-2000"
8(968) 137 9259,Билайн
8(920) 195 8809,Мегафон
8(984) 141 8866,МТС
8(962) 364 8029,Билайн
8(901) 012 1294,Теле2
8991-1363-50-03,Теле2
8(902) 063 5110,Билайн
8(999) 450 4218,Yota
8(912) 529 5338,МоторноТракторнаяСтанция
8(951) 552 6565,Теле2
8(991) 193 4992,Ростелеком
8(995) 515 7086,ООО "Сбербанк-Телеком"
8(951) 322 6580,Теле2
8(928) 089 0543,Мегафон
8(908) 096 1714,Теле2
8(980) 185 3646,МТС
+7(985) 369-5988,МТС
8(988) 236 0401,МТС
8(939) 099 9588,Мегафон
8(919) 854 1979,МТС
8(951) 781 7005,Теле2
8(951) 876 4689,Теле2
8(928) 828 0934,Мегафон
8(902) 305 8290,Теле2
8(924) 455 0762,Мегаphone
8(919) 174 1488,МТС
8(908) 365 9989,Мегафон